16SRRNA-domain1|2|1	0.093,0.596
16SRRNA-domain1|2|2	0.228,0.194
16SRRNA-domain1|2|3	1.016,1.183
16SRRNA-domain1|2|4	0.951,0.256
16SRRNA-domain1|3|5	0.025,0.027,0.007
16SRRNA-domain1|3|6	1.21,0.484,0.298
16SRRNA-domain1|5|7	0.01,0.072,0.039,0.158,1.073
16SRRNA-domain1|7|8	0.013,0.25,0.416,1.156,2.055,1.766,0.143
16SRRNA-domain2|2|1	0.048,0.092
16SRRNA-domain2|3|2	0.33,0.594,0.807
16SRRNA-domain2|5|3	0.777,1.333,2.116,0.869,0.219
16SRRNA-domain3|2|1	0.772,0.494
16SRRNA-domain3|2|2	0.28,0.159
16SRRNA-domain3|3|3	0.011,0.07,0.124
23SRRNA-domain1|5|1	0.068,0.11,1.108,0.513,0.853
23SRRNA-domain1|6|2	0.02,0.243,1.5,0.14,0.409,0.023
23SRRNA-domain1|3|3	0.018,0.014,nan
23SRRNA-domain2|5|1	0.298,0.405,0.332,0.302,0.059
23SRRNA-domain3|2|1	0.905,0.856
23SRRNA-domain3|4|2	1.351,1.565,0.698,0.487
23SRRNA-domain4|2|1	0.466,0.309
23SRRNA-domain4|2|2	0.606,0.085
23SRRNA-domain4|2|3	0.182,0.054
23SRRNA-domain5|6|1	0.437,1.225,1.423,1.269,1.107,0.514
23SRRNA-domain5|2|2	0.299,0.086
23SRRNA-domain5|5|3	0.219,0.521,0.492,1.018,0.58
23SRRNA-domain5|5|4	1.817,1.78,0.428,0.372,0.328
23SRRNA-domain5|2|5	0.302,nan
23SRRNA-domain6|2|1	0.346,0.078
5SRRNA|2|1	0.803,0.911
CIDGMP|2|1	0.912,0.691
CIDGMP|2|2	0.185,0.17
HCV_domain2|5|1	0.134,0.308,0.518,1.439,0.88
