16SRRNA-domain1|4|1	0.388,0.911,1.846,0.661
16SRRNA-domain1|4|2	0.085,0.702,0.373,0.781
16SRRNA-domain1|4|3	0.182,0.844,0.582,0.841
16SRRNA-domain1|4|4	0.294,0.028,0.973,0.676
16SRRNA-domain1|7|5	0.112,0.154,0.329,0.268,0.08,0.105,0.24
16SRRNA-domain1|4|6	0.653,0.936,1.549,1.182
16SRRNA-domain1|12|7	0.675,0.167,0.363,0.626,1.112,1.161,0.784,0.468,1.017,0.792,0.659,0.236
16SRRNA-domain1|4|8	nan,0.192,0.671,0.418
16SRRNA-domain1|4|9	0.156,1.002,0.991,1.327
16SRRNA-domain1|4|10	0.132,0.442,0.576,0.23
16SRRNA-domain1|7|11	0.322,0.597,0.596,0.477,0.754,0.282,0.225
16SRRNA-domain2|5|1	0.631,0.639,0.36,0.392,0.549
16SRRNA-domain2|6|2	0.462,0.435,0.729,0.624,0.352,0.421
16SRRNA-domain2|4|3	0.893,1.455,1.518,0.948
16SRRNA-domain2|9|4	0.288,0.737,1.488,1.051,1.103,0.843,0.946,0.506,0.384
16SRRNA-domain2|5|5	0.328,0.72,0.845,0.509,0.679
16SRRNA-domain2|2|6	0.894,0.906
16SRRNA-domain2|4|7	0.345,0.834,0.788,0.576
16SRRNA-domain3|8|1	0.648,0.802,0.172,0.631,0.778,0.646,0.63,0.392
16SRRNA-domain3|4|2	0.219,0.325,0.361,0.351
16SRRNA-domain3|4|3	0.045,0.148,0.567,0.296
16SRRNA-domain3|4|4	1.055,1.019,2.247,3.112
16SRRNA-domain3|6|5	0.846,2.567,1.903,0.61,1.022,0.583
16SRRNA-domain3|5|6	0.187,0.232,0.751,0.279,0.492
16SRRNA-domain3|5|7	0.382,1.268,1.389,0.681,0.822
16SRRNA-domain3|4|8	0.349,1.323,0.775,0.146
16SRRNA-domain3|8|9	1.947,0.575,2.691,0.98,1.574,1.327,0.932,0.302
16SRRNA-domain3|9|10	1.784,0.391,1.409,1.438,0.963,1.948,0.998,0.272,0.01
23SRRNA-domain1|4|1	0.055,1.264,0.027,0.027
23SRRNA-domain1|4|2	0.233,1.06,1.356,0.188
23SRRNA-domain1|9|3	0.47,0.788,1.268,0.741,0.425,0.685,0.668,0.68,0.136
23SRRNA-domain1|4|4	1.851,2.229,2.131,1.444
23SRRNA-domain1|4|5	2.118,2.297,0.861,1.39
23SRRNA-domain1|5|6	0.947,2.018,2.569,2.477,2.793
23SRRNA-domain1|6|7	nan,0.197,0.145,0.554,0.1,0.075
23SRRNA-domain1|5|8	0.629,1.882,0.119,0.098,0.076
23SRRNA-domain1|9|9	0.168,0.483,0.73,1.365,1.399,0.993,0.593,0.57,0.295
23SRRNA-domain1|4|10	0.319,0.58,0.45,0.517
23SRRNA-domain1|5|11	0.456,0.945,0.866,0.773,0.829
23SRRNA-domain1|4|12	0.315,0.829,0.83,0.095
23SRRNA-domain2|5|1	1.15,1.07,1.608,0.749,0.129
23SRRNA-domain2|4|2	0.091,0.111,0.381,0.226
23SRRNA-domain2|5|3	0.965,1.32,1.094,1.081,0.438
23SRRNA-domain2|8|5	5.0,nan,nan,1.905,2.882,1.593,0.819,0.249
23SRRNA-domain2|5|6	2.461,0.97,0.84,0.843,0.165
23SRRNA-domain2|4|7	0.744,1.003,1.423,0.34
23SRRNA-domain2|5|8	1.451,1.282,0.836,0.604,0.027
23SRRNA-domain2|6|9	1.724,1.452,nan,1.141,0.303,0.048
23SRRNA-domain2|6|10	0.884,1.169,1.127,0.788,0.579,0.158
23SRRNA-domain2|9|11	0.809,1.276,1.333,1.127,0.704,0.515,0.283,0.064,0.034
23SRRNA-domain2|6|12	0.298,0.839,0.667,0.548,0.198,nan
23SRRNA-domain2|4|13	0.735,1.092,1.159,0.728
23SRRNA-domain2|4|14	0.105,0.455,0.539,0.536
23SRRNA-domain3|7|1	0.618,0.839,1.335,1.097,0.813,0.562,0.066
23SRRNA-domain3|5|2	2.216,1.803,2.403,2.828,0.794
23SRRNA-domain3|4|3	0.193,1.049,0.653,0.912
23SRRNA-domain3|8|4	0.428,0.99,0.764,0.653,0.521,0.12,0.205,0.184
23SRRNA-domain3|10|5	0.572,1.244,2.27,2.07,3.022,3.837,2.086,1.266,0.102,0.551
23SRRNA-domain3|5|6	2.934,2.491,2.434,2.273,1.317
23SRRNA-domain3|4|7	0.134,0.312,0.442,0.195
23SRRNA-domain3|6|8	1.974,1.419,2.751,0.739,0.679,0.322
23SRRNA-domain3|5|9	0.952,1.135,0.956,0.811,0.603
23SRRNA-domain4|5|1	0.482,0.539,0.455,0.528,0.076
23SRRNA-domain4|9|2	0.934,1.154,nan,nan,nan,0.804,1.321,1.678,0.996
23SRRNA-domain4|4|3	0.272,0.519,0.363,0.286
23SRRNA-domain4|4|4	0.383,2.062,0.465,0.818
23SRRNA-domain4|7|5	6.119,1.996,nan,5.0,0.57,0.837,0.412
23SRRNA-domain4|5|6	1.496,0.998,0.892,0.809,0.793
23SRRNA-domain5|8|1	0.609,0.974,1.561,1.189,1.022,0.994,0.467,0.459
23SRRNA-domain5|4|2	0.06,0.056,0.231,0.66
23SRRNA-domain5|5|3	1.702,0.99,1.378,1.779,0.56
23SRRNA-domain5|5|4	0.181,nan,0.734,0.495,0.254
23SRRNA-domain5|11|5	0.949,1.732,2.347,1.835,2.322,1.78,2.387,2.246,1.313,0.774,0.592
23SRRNA-domain5|7|6	0.403,1.73,1.32,1.546,1.57,0.561,0.264
23SRRNA-domain5|4|7	1.001,0.907,0.621,0.27
23SRRNA-domain5|2|8	2.228,2.983
23SRRNA-domain5|7|9	0.122,0.706,1.389,1.102,0.507,0.617,0.875
23SRRNA-domain5|6|10	0.818,3.561,2.663,3.007,2.51,0.917
23SRRNA-domain5|5|11	1.456,1.489,0.83,0.637,0.052
23SRRNA-domain5|4|12	0.647,0.752,0.721,0.234
23SRRNA-domain6|15|1	0.091,0.03,0.061,0.089,0.03,0.1,0.48,0.403,0.468,0.067,0.011,0.016,0.013,0.003,0.008
23SRRNA-domain6|11|2	0.647,1.065,0.895,0.833,1.2,1.411,0.992,0.839,0.714,0.188,0.005
23SRRNA-domain6|3|3	1.062,0.639,0.826
23SRRNA-domain6|7|4	2.981,1.786,2.602,3.603,2.04,1.71,0.815
5SRRNA|13|1	0.228,0.075,0.131,0.252,0.352,0.158,0.509,0.28,0.225,0.275,0.421,0.341,0.247
5SRRNA|3|2	1.476,0.435,1.212
ADDRSW|9|1	0.56,0.595,0.27,0.265,0.715,0.943,0.48,0.265,0.345
ADDRSW|7|2	0.195,0.34,2.161,0.984,0.359,0.214,0.238
CIDGMP|4|1	0.067,0.304,0.238,0.178
CIDGMP|9|2	0.291,0.695,2.345,1.899,1.665,1.448,0.817,1.579,0.319
GLYCFN|4|1	0.858,0.801,1.102,1.35
GLYCFN|5|2	0.227,0.394,0.435,0.305,0.405
GLYCFN|5|3	0.864,0.95,1.736,1.302,0.505
GLYCFN|4|4	1.933,1.049,0.695,1.715
HCV_domain2|7|1	0.927,0.816,1.045,0.468,0.399,0.536,0.627
P546|5|1	0.806,nan,1.537,1.377,0.982
P546|4|2	nan,0.167,0.422,1.182
tRNA-Asp|8|1	0.278,0.231,0.478,0.632,0.817,1.002,0.833,0.432
tRNA-Asp|7|2	2.267,1.943,1.434,1.434,0.463,0.493,0.139
tRNA-Asp|7|3	0.17,1.28,0.509,0.37,0.17,0.385,0.308
TRNAPH|8|1	0.092,0.088,0.685,0.916,0.559,0.796,1.088,0.32
TRNAPH|9|2	0.278,0.229,1.486,1.9,1.551,1.427,0.774,2.341,0.354
TRNAPH|7|3	0.213,0.407,0.295,0.121,0.145,0.127,0.043
TRP4P6|4|1	0.042,0.14,0.112,0.096
TRP4P6|7|2	0.194,1.361,0.476,0.322,0.371,0.377,0.266
TRP4P6|3|3	2.5,1.077,1.15
