16SRRNA-domain1|4_1|1	0.198,1.144,0.757,0.863,0.244
16SRRNA-domain1|1_2|2	0.339,0.318,0.495
16SRRNA-domain1|2_1|3	1.151,0.964,0.294
16SRRNA-domain1|3_2|4	0.622,0.541,0.27,0.376,0.416
16SRRNA-domain1|5_6|5	0.098,0.135,0.167,0.216,0.104,0.183,0.222,0.138,0.117,0.948,0.23
16SRRNA-domain1|4_6|6	0.091,0.183,0.909,1.018,0.265,0.626,0.834,0.512,0.135,0.006
16SRRNA-domain1|3_1|7	0.565,1.564,1.24,1.198
16SRRNA-domain1|6_5|8	0.187,0.319,1.101,0.272,0.138,0.051,0.085,0.139,0.239,0.175,0.176
16SRRNA-domain2|3_3|1	0.183,0.192,0.101,0.185,0.414,0.317
16SRRNA-domain2|5_3|2	0.838,0.474,0.377,0.28,0.196,0.171,0.279,0.407
16SRRNA-domain2|3_2|3	0.338,0.599,0.074,1.283,0.299
16SRRNA-domain2|3_3|4	0.424,0.342,0.28,0.418,0.452,0.509
16SRRNA-domain2|3_6|5	0.552,0.713,0.385,0.351,0.921,0.648,0.95,0.366,0.72
16SRRNA-domain2|3_3|6	0.673,0.659,0.461,0.248,0.89,0.384
16SRRNA-domain2|6_4|7	1.26,0.655,0.759,1.345,1.117,0.507,0.847,0.379,0.169,0.048
16SRRNA-domain3|1_3|1	0.511,0.159,0.145,0.174
16SRRNA-domain3|1_1|2	0.135,0.328
16SRRNA-domain3|1_1|3	0.075,0.147
16SRRNA-domain3|3_4|4	0.763,0.533,0.428,0.707,0.811,0.475,0.323
16SRRNA-domain3|1_1|5	0.232,0.103
16SRRNA-domain3|5_5|6	1.133,0.925,0.694,0.484,0.103,1.314,1.338,0.751,0.446,0.22
16SRRNA-domain3|2_4|7	0.899,0.116,0.639,0.824,0.283,0.078
16SRRNA-domain3|3_3|8	0.164,0.132,0.047,0.125,0.22,0.106
16SRRNA-domain4|1_1|1	0.868,nan
16SRRNA-domain4|2_2|2	0.308,0.06,nan,nan
16SRRNA-domain4|4_3|3	0.75,0.554,0.385,nan,nan,nan,nan
23SRRNA-domain1|2_2|1	0.062,0.032,0.309,2.414
23SRRNA-domain1|5_6|2	0.327,0.148,0.33,0.381,0.693,0.698,0.338,0.126,0.154,0.103,nan
23SRRNA-domain1|5_4|3	0.272,0.3,0.362,0.339,0.255,0.111,0.34,0.155,0.214
23SRRNA-domain1|6_3|4	1.171,2.6,2.714,1.727,0.891,0.75,1.142,0.414,0.328
23SRRNA-domain1|1_3|5	1.172,0.649,0.591,0.542
23SRRNA-domain1|2_2|6	0.336,0.029,0.109,0.022
23SRRNA-domain2|2_2|1	0.142,0.011,0.112,0.263
23SRRNA-domain2|3_4|2	0.329,0.503,nan,nan,nan,nan,nan
23SRRNA-domain2|3_2|3	0.211,0.257,0.13,nan,0.693
23SRRNA-domain2|1_1|4	0.009,0.064
23SRRNA-domain2|3_3|5	0.095,0.242,0.044,0.083,0.036,0.022
23SRRNA-domain2|3_3|6	0.095,0.141,0.012,0.029,0.168,0.122
23SRRNA-domain2|11_12|7	0.857,0.627,0.586,0.61,0.978,1.377,1.227,1.071,1.042,0.772,0.413,0.613,0.417,0.492,0.549,0.842,0.615,1.092,1.599,0.827,1.077,1.822,1.007
23SRRNA-domain2|2_1|8	0.262,0.277,0.108
23SRRNA-domain2|2_2|9	0.477,0.303,0.052,0.015
23SRRNA-domain2|7_3|10	0.781,0.734,0.353,0.545,0.362,nan,0.017,0.786,0.616,0.628
23SRRNA-domain2|2_2|11	0.142,0.003,0.026,0.081
23SRRNA-domain2|3_2|12	0.852,1.186,1.099,0.326,0.299
23SRRNA-domain2|6_3|13	0.238,0.953,0.17,0.155,0.093,0.184,0.027,0.131,0.137
23SRRNA-domain3|3_1|1	0.362,4.023,0.906,0.041
23SRRNA-domain3|3_3|2	0.223,0.556,0.962,0.329,0.301,0.763
23SRRNA-domain3|2_2|3	0.159,0.296,0.282,0.123
23SRRNA-domain3|4_9|4	0.542,0.977,0.948,0.598,1.47,1.888,1.341,1.848,3.095,1.937,0.806,0.399,0.022
23SRRNA-domain3|2_3|5	0.37,0.236,0.532,0.564,0.51
23SRRNA-domain3|2_3|6	0.353,0.41,0.281,0.184,0.067
23SRRNA-domain3|2_3|7	0.427,0.39,0.401,0.217,1.117
23SRRNA-domain3|3_3|8	0.188,0.189,0.16,0.109,0.339,0.481
23SRRNA-domain4|4_1|1	0.872,1.037,0.381,0.004,0.388
23SRRNA-domain4|1_1|2	0.34,0.019
23SRRNA-domain4|3_2|3	0.664,0.167,0.081,0.176,0.087
23SRRNA-domain4|5_4|4	0.154,0.087,0.126,0.249,0.02,0.093,0.123,0.066,0.039
23SRRNA-domain4|3_3|5	0.753,0.733,0.546,0.53,0.76,0.856
23SRRNA-domain4|8_8|6	1.985,1.381,0.994,0.351,0.103,0.113,0.139,0.061,0.173,0.107,0.011,0.2,0.196,0.135,0.092,0.032
23SRRNA-domain4|2_3|7	0.55,0.379,0.145,0.039,0.018
23SRRNA-domain5|3_4|1	0.237,1.452,0.724,0.577,0.347,0.48,0.216
23SRRNA-domain5|1_1|2	0.213,0.076
23SRRNA-domain5|1_1|3	0.031,0.121
23SRRNA-domain5|2_8|4	0.09,0.047,0.044,0.077,0.123,0.053,0.343,0.074,0.181,0.179
23SRRNA-domain5|6_3|5	0.025,0.159,1.083,0.28,0.196,0.137,0.126,0.111,0.181
23SRRNA-domain5|1_3|6	0.688,0.444,1.759,1.918
23SRRNA-domain5|3_3|7	nan,0.07,0.23,nan,0.099,0.087
23SRRNA-domain5|1_3|8	0.058,0.598,0.455,0.12
23SRRNA-domain6|2_2|1	0.462,0.53,3.089,2.14
23SRRNA-domain6|3_1|2	0.261,0.082,0.014,0.003
23SRRNA-domain6|4_4|3	0.247,0.75,0.61,nan,0.503,0.537,0.097,0.01
23SRRNA-domain6|4_4|4	0.421,0.416,0.514,nan,0.632,0.467,0.291,0.3
5SRRNA|4_3|1	0.123,0.274,0.122,0.09,0.359,0.36,0.246
5SRRNA|7_7|2	0.096,0.163,0.111,0.102,0.091,0.097,0.109,0.13,0.231,0.227,0.234,0.172,0.171,0.296
CIDGMP|3_3|1	0.245,0.717,0.429,0.257,0.388,0.411
GLYCFN|4_3|1	0.074,0.047,0.062,0.045,0.096,0.084,0.094
GLYCFN|3_2|2	0.081,0.283,0.42,0.182,0.102
GLYCFN|5_6|3	0.089,0.26,0.247,0.184,0.055,0.058,0.112,0.268,0.506,0.527,0.302
P546|6_2|1	0.457,1.301,2.159,2.407,3.304,2.066,1.606,2.045
P546|1_6|2	0.462,1.459,1.661,0.963,0.593,1.02,0.81
P546|1_9|3	0.452,0.71,1.008,0.52,0.403,0.752,0.872,1.195,1.356,1.118
P546|1_2|4	0.011,1.668,1.346
TRP4P6|3_2|1	0.297,0.351,0.432,0.613,0.651
TRP4P6|5_4|2	1.497,0.575,0.402,1.359,0.461,0.232,0.293,2.764,2.9
TRP4P6|1_6|3	0.128,0.184,0.247,0.286,0.308,0.253,0.147
TRP4P6|3_3|4	0.198,0.654,0.627,0.376,0.717,1.048
TRP4P6|3_2|5	0.084,0.151,0.234,0.143,0.262
